688825
601398
601939
601288
600941
601988
601857
300750
600519
600938
601138
601628
688981
601318
601088
600036
300308
601899
002594
600900
688256
000333
601658
600028
601328
601728
688041
300502
601998
002371
603259
002475
600030
688347
688235
603993
601166
601319
600183
002384
601601
688012
601869
002415
600000
601211
600276
300059
000858
603986
300394
688802
600150
601225
601919
002379
688795
688808
688820
002714
601816
600309
002916
688008
000001
002142
600919
000338
002463
688836
600188
003816
300408
300476
000651
000725
300760
601898
600690
603288
002938
601066
601336
300433
603268
688072
601985
600025
688498
301666
600031
600406
601818
600989
601668
300274
601766
300604
601688
600547
000776
302132
600176
002352
601600
600887
300033
301377
300124
001399
601995
600362
600487
600930
001248
600999
000063
600016
601872
301308
002050
601009
600660
002493
000792
600809
002281
688702
300999
600111
601229
001280
688082
601881
000657
600760
600050
601100
600346
301165
600018
300857
601633
000977
600019
600584
301200
001289
600926
002353
603019
688120
600489
603296
688146
603256
000408
600104
601169
601111
688361
688783
000166
600886
000568
600522
601888
300014
002028
688111
600026
000938
605117
601868
600011
601390
000100
002460
688506
002602
688525
600905
300442
002736
688183
601991
600893
002600
600160
301526
601727
601698
603501
600010
688521
600015
000988
300757
600795
601006
000958
300498
601800
601168
000807
000301
600089
002230
002008
002648
600673
000425
002128
600585
000617
001309
001232
000538
600029
002156
601012
600988
605499
601825
000630
301217
688271
603228
601127
002837
600875
002241
688002
002080
601838
600039
601689
601186
603893
000895
601916
002001
300475
002466
688249
600236
300866
601077
601669
600549
600958
600674
688126
300759
300015
688818
600115
300661
688200
688396
002311
002653
002202
600482
000975
600436
603799
000703
001389
002179
688777
688469
603083
000625
002709
300620
002027
603195
688331
002851
000708
600600
000426
600703
301638
601958
600415
600118
601018
688729
688037
300223
001965
601788
688313
600023
688519
002422
688172
603459
688036
300054
600066
000768
601179
601233
600377
000933
300285
601360
300666
002409
600378
000831
688187
002532
300765
601607
002625
001979
601231
601808
600048
601298
001872
002428
688585
600196
600803
688629
002821
688809
300454
600009
002304
300548
600426
300418
600292
600233
000636
688630
000157
601901
600219
000960
600096
688766
300751
688409
688432
601061
002064
688796
600105
002436
600221
301511
000021
300316
600027
300136
601059
688801
600372
300567
002920
002414
300803
601877
600885
002236
300450
301536
003031
002185
600498
300628
688141
688017
002049
603156
688009
601618
601238
000783
688110
600460
000596
600601
688428
601212
688147
601058
301269
688019
600438
601377
600497
002558
601456
601699
300390
603979
002636
001391
600845
002595
002812
600801
301358
688578
600741
600350
688234
688048
603659
002850
300373
002484
300058
300395
000039
000963
600879
002074
300037
600985
000066
601208
688433
601598
600418
600895
600663
603129
600869
601198
600580
601117
001257
600918
002203
688385
688775
603049
000893
601665
688627
688387
300347
601878
000878
600256
688375
600726
600871
002078
688797
601555
601021
300570
600642
300782
601136
688781
301018
002155
603087
601963
600061
300919
688223
600570
688047
603629
688536
002945
600909
002966
001203
002555
601108
601577
601216
600995
300017
000999
688300
000983
300672
600352
688322
300413
600206
688052
002407
603260
301611
300832
300832
600901
688548
688220
603175
688188
301236
300903
600295
000987
600392
688099
301696
601162
300979
600177
688027
600021
000921
603806
000811
002129
301396
688728
600060
688213
002601
688828
688668
301205
600685
600141
688336
600667
000559
603369
600863
002948
600143
000002
600298
002738
002138
601777
300677
600562
002126
603650
002517
002429
605376
600578
688195
002195
001286
300748
688167
603379
300346
600711
301656
300001
603699
300972
002444
002273
688303
603392
688025
002294
688617
000876
002536
301717
000688
601880
600588
688295
002831
603298
603225
002841
300251
688169
688180
600331
000728
600157
601696
601126
688549
601236
603127
603929
002340
600332
688411
002939
300458
600085
600348
300115
002056
600956
300122
600839
002252
300209
600737
000883
603198
605589
601866
002261
600330
002131
600109
688472
600428
601611
605358
600733
688122
300489
002032
000729
600536
600515
002716
002432
688826
300207
600707
002673
688318
688333
002222
301707
600483
301626
300487
600079
688538
600688
300776
688266
688368
603308
000423
603179
688676
600699
000661
000027
603766
688065
300870
000973
601156
002396
002472
601990
300811
000800
603568
002747
603486
002025
300806
002245
600641
000582
600282
600925
689009
301550
688297
603338
000060
600517
688301
002378
600012
002859
688835
000564
601118
688449
001267
300456
601933
000737
600301
000786
600637
688205
002157
300438
603061
600961
000959
600563
600398
300339
002240
000629
000887
000962
300896
601918
603939
002015
000967
000415
600777
000429
601000
688362
688192
603186
601069
600329
603444
002797
688018
600095
601001
002046
600499
601155
600353
603606
300496
300684
600369
002608
601112
603596
000539
002768
000981
002244
600583
300602
301297
688127
002456
600546
603920
603565
002430
600259
603618
688599
000877
600312
688545
300474
002603
300236
603067
600884
002271
600595
002223
003022
002670
002491
600299
601717
603236
603688
600704
001339
688635
603345
688568
000062
000603
601606
600862
600602
688807
300814
600388
000738
600998
002266
002465
600246
000951
000739
000932
002487
603605
301345
600208
603306
688608
300012
600323
603160
000750
600816
000830
688114
002152
601099
000034
300623
688102
002180
600161
688403
002756
605090
603663
300432
600521
600153
601123
688692
000088
601228
603358
002007
000513
600575
603823
601666
000791
601865
600967
688001
688143
601128
603588
600745
600566
600977
601609
605111
688778
600732
603119
600100
002130
300763
300085
002683
601399
688248
300260
000547
603435
000683
002262
000155
000733
002926
002498
688475
603730
600038
600390
600316
300627
600166
300024
301606
002423
002335
603991
002459
688563
601333
300953
300083
688652
688279
001337
002085
603728
688278
600598
600486
002065
000029
000623
603407
688502
600664
000158
003035
603885
600535
002545
000598
688400
603678
601608
300383
605198
000709
688531
601016
300003
002265
300255
600906
002237
002153
600186
601799
601615
600172
600126
601928
600873
301171
600848
301486
600320
000400
688425
000997
301583
002468
603737
603301
688727
603881
300726
002624
603530
300568
002317
300073
603816
600098
603950
300142
600765
601106
601677
002497
688349
600516
000519
603233
600548
688372
603899
300843
601997
001301
688123
688819
002518
300747
300503
600008
600754
002895
603290
603077
300199
688206
601975
688343
301035
688097
002975
600970
600550
600004
601326
688352
002299
300558
688596
002364
001270
601101
300699
603132
600511
603115
600170
600396
000825
003021
001359
600808
000937
688392
002120
601158
002913
300738
600500
002913
688785
600110
600114
002318
600582
601187
002980
000506
600179
603667
688131
002500
603341
601137
600629
601567
300835
001386
601375
603876
600007
300679
688281
301086
002461
600518
601969
603516
600132
000898
000686
603005
603833
300398
601020
000628
603529
002389
301301
600339
601139
688615
603658
300364
002773
600623
688257
603871
301123
603000
300724
600927
300277
000009
688388
600057
600606
688561
002611
001365
603162
002568
603171
600577
603337
002044
002552
301275
300762
301286
300821
001696
300323
002925
601107
601098
000969
002192
301128
600835
300131
000902
688686
688185
002739
001331
000620
603002
301285
300638
000875
605196
002815
601519
003018
600435
688005
600131
001896
000581
301392
002947
688726
301183
688584
600655
300179
688772
002402
300613
300257
000032
300773
600612
688208
600226
300593
300990
301319
300170
600397
605296
688800
601636
002979
300088
688270
600820
600403
300888
300975
603124
000723
600490
000711
000833
000935
688363
002270
300761
300319
001287
688268
601083
301219
002901
600120
603092
601858
002958
000543
002149
300140
688700
600739
000591
300718
300779
300657
600380
000685
688332
688813
605020
688582
601038
601921
688233
600459
600062
300146
300723
300607
603638
300735
002827
688523
002249
002326
002145
600032
002936
002957
300102
603283
002745
600171
600552
300002
600410
688520
301029
600531
002312
000528
603009
002539
600776
000050
600928
688503
688708
002171
600345
002439
601966
605289
603938
603786
002583
600867
601702
300144
001213
300676
301489
603858
002563
000680
002290
600888
688380
002320
000766
600959
002048
001221
600763
600162
301389
000563
300253
002151
603355
002408
688709
603733
301603
301362
301498
002792
000537
600528
688661
301071
601568
000927
002176
002440
688779
300436
301316
601369
603025
002906
000682
002405
688150
688166
002508
002158
688798
601678
601992
002506
002911
603906
688485
002929
600750
301689
601886
688390
688484
002832
688003
603997
600619
688605
301039
600596
000069
301095
600761
002399
601019
600409
000778
300166
605118
000550
688029
603662
002541
001369
002703
688028
301338
300660
688625
603031
002003
603063
600621
688603
600475
603026
000970
002410
688690
300133
601811
600877
600872
000785
688612
300601
002690
600022
000672
300139
601965
301093
301080
000410
301196
002984
002385
000966
600151
301599
000552
603738
300957
300655
600452
300855
002310
300182
300009
603317
002250
600827
002655
688535
300077
301500
603203
600933
603093
000905
688158
600635
688106
688209
002372
002969
301031
600651
002534
603868
600267
000422
688593
300428
300409
603194
300296
002645
688308
002226
600361
300184
300201
002779
600675
603613
601068
000998
600916
300342
301292
603118
601827
300827
300469
600710
600056
000567
688559
600155
000089
603757
301529
601778
600201
300969
300457
300302
000070
000612
603826
000600
300573
688031
600064
600072
688712
000949
002647
603456
600633
688516
688507
000592
301589
600367
688353
002081
300459
000553
600258
688401
688765
601033
600779
603014
600764
603505
002881
301312
603305
301369
000656
600167
000801
301682
002946
300468
000156
002354
300034
002507
301363
001308
301669
688116
300093
300951
688222
600338
688006
600271
688383
600456
300331
603707
300720
601512
600908
600416
688046
002010
688055
600529
688100
600744
300820
300455
002607
301267
000799
002091
603078
600717
605389
002987
002896
002292
002458
000697
603983
002698
300070
600722
603226
002031
600648
601952
300693
000758
603297
600589
002990
002092
000719
603011
601133
601133
600366
000061
688202
300674
002978
301005
001227
300529
002373
688062
301015
603039
000028
601222
601022
603882
603888
600211
301571
600618
603269
600755
600315
601619
605099
600113
002366
600216
603556
600611
002297
688088
002167
300913
002416
300687
603406
600116
002182
000048
002847
600864
605507
002060
603303
603800
603989
600821
300769
002865
301629
000712
002096
301150
600720
003036
000681
688258
688059
002838
002268
000762
300229
002019
300775
600850
002174
300357
300191
688107
002617
002139
600395
603389
601882
300671
600063
002643
603927
688757
688378
002400
600702
002867
301238
002258
000599
300382
603698
002246
600391
600783
601005
688319
000534
300910
002597
688508
600343
600461
605599
301127
000815
301655
688515
301699
300576
603376
002183
601339
002287
603515
300377
000035
002807
301366
001258
603589
300113
000810
600859
688382
000065
000990
600420
600508
300204
002170
002654
000901
000012
002842
002701
603393
301047
301510
301307
300130
300065
601330
301371
605179
600572
601096
688153
000908
603267
300446
688260
301087
600986
300850
002897
688567
002181
688138
002531
688710
600285
688321
688758
300315
301216
002741
300244
002011
300008
300049
002967
002639
688182
002024
300185
300328
300863
301021
601900
002020
600458
002544
000510
002348
300861
002718
002217
688552
002254
300171
600971
000880
002839
688543
603235
301293
002413
000555
603052
300976
600248
000099
603936
300480
300868
688327
600006
600268
688016
688790
000700
300118
000923
600123
300224
002315
688090
301678
603619
603626
688610
301382
000869
603328
002063
603099
000839
301373
300624
600058
600639
002675
600759
000690
688306
301630
002100
688663
601579
002755
600446
300378
688759
301531
603713
002276
688806
600773
000828
001393
300304
002585
603583
301090
301232
603533
000767
688112
002043
600184
002216
600851
300618
301665
002062
600559
002215
002706
688105
688231
688811
601949
000727
300263
002668
002051
000917
603319
301061
003043
600383
600509
000837
300353
605168
301251
603601
002289
600882
002882
301207
688063
601528
601801
300007
600480
002993
600326
605006
300376
301291
300682
688837
301109
000536
002635
002324
300499
601003
600728
300740
300363
600740
300159
600610
300725
300777
603185
688660
688239
002251
603859
688020
301091
300420
603693
603323
688583
301310
003040
603103
002626
600198
002361
002922
002204
300026
301563
603883
300909
002387
601163
600993
003010
605318
301488
600787
000922
002338
688198
600185
603220
688125
601026
600373
603040
600929
603890
688677
600507
603281
605060
300483
600666
600163
300595
002580
600037
300303
603027
002169
600033
600718
002931
002549
002104
301177
300846
603327
603300
688139
601860
301189
688611
000059
300580
301263
002937
603468
002761
301566
600662
002955
688697
300790
605123
002214
000403
301458
002961
600649
600649
002083
300145
002293
600597
300768
002017
603100
601828
000795
300741
600360
603218
002803
301381
000401
000006
603599
001914
000031
300181
002392
600307
605319
301357
688662
002557
603360
000829
300005
688325
601200
601700
600654
603687
002041
301099
603995
603112
002190
603992
688275
603580
605298
603690
301209
300497
301607
002283
600210
600328
301188
301376
688262
002588
300596
002426
002437
301658
000930
002681
301078
000420
688035
603915
605016
603125
600094
000756
002221
000899
000950
688289
002061
002351
000516
002651
002960
600751
688530
002511
300634
002309
600269
002985
002239
601311
603712
600775
688160
688381
002515
000793
300415
603608
603538
001208
688698
300276
300842
002891
002565
688128
600133
002705
688586
002243
688337
603919
688359
688076
300938
600604
300516
000676
300440
002528
600273
600640
600693
600020
600782
000049
300188
601929
600757
301421
600996
300862
600556
600936
000823
002004
300766
301584
002713
300035
688083
600017
688032
300192
301617
600997
300298
002368
600645
600874
600399
600481
301551
300072
605222
301600
002708
301248
688628
002970
688669
002272
002053
688161
605255
001330
301013
600266
300252
300031
000058
301522
605008
000848
688190
002971
301262
688068
603418
002115
601718
603169
002099
002332
601890
603612
301306
688376
600729
603193
600376
688351
603299
002965
688371
600746
300053
600054
300486
688739
301328
600075
688252
688252
603055
688261
002785
688227
688443
600828
600973
002550
300527
002277
300151
600567
002346
300180
002119
300709
002345
603072
301191
002039
000980
301175
600935
300327
002533
300739
605488
002943
301155
300322
300633
002121
002730
603363
301697
688505
002579
603248
001233
600313
002233
300731
300348
000751
601595
000818
001236
603809
688165
603227
000722
688091
600103
002079
688678
002631
603123
300119
603271
600251
002173
001323
603057
300101
002303
605333
301225
600478
002267
600657
002075
301282
300337
002208
600812
600686
003039
301326
300129
300045
301580
601086
300708
603508
002759
002721
002818
688601
301179
000533
002870
600841
600227
002928
002824
300834
300401
002941
002516
600389
603196
605116
000019
301280
605167
000859
000026
605128
605100
600903
002097
002833
300770
600789
002488
301413
688011
688416
002350
300222
603680
301559
601015
603053
001298
688293
300227
688522
300098
301628
002734
301565
002787
300482
600889
300127
603262
001285
603477
600127
000860
000928
301070
688621
300700
300010
002125
603033
688253
601686
688513
301680
300109
603075
688439
603985
603257
603163
002212
301631
000885
002892
002386
300939
601089
600917
300900
300926
300895
002471
600335
003009
600055
603043
001237
002106
600587
300872
000593
605188
600698
600059
600108
300042
002434
002284
000989
000498
603181
601388
688050
600736
002445
300143
002030
301160
003013
603270
688486
000541
600129
002446
002796
002782
603333
600502
300959
688691
605365
688049
000650
603402
600682
600117
002572
601226
000402
002034
002527
002342
603416
300702
688305
600078
603200
600305
603448
301228
301687
688789
603082
300641
605133
301069
002150
688456
688176
603219
603013
001314
600815
603050
603091
002036
002537
301321
688326
300444
002219
688087
600846
301662
002885
600545
603223
002163
300706
600724
002110
603045
301246
688328
002612
301176
603399
301592
600590
002810
300079
301327
002023
301317
300294
605007
603128
600861
600691
002127
603496
002886
688553
301487
301323
688177
301050
300416
002275
000017
603517
300168
002108
603466
300506
688717
603395
300772
002605
603221
002421
300997
688720
002077
300852
600780
300598
600683
601908
002135
600363
002328
603977
601121
600797
600810
600169
300467
600125
300981
000544
603166
600252
300091
600866
000968
600510
301215
603778
000813
688591
603071
300785
300400
688805
301365
001311
002674
002733
000755
600676
002452
600748
002093
688518
300520
001382
600955
001400
600557
688646
600158
300648
300783
300189
000517
603685
000524
688277
603277
300153
002014
301234
000030
300080
301602
002678
603595
688479
000796
603293
002438
002840
000503
600368
301162
300802
002213
600715
002470
603010
002737
300983
002380
688598
605277
001212
002006
300943
600713
600429
688480
301568
002448
603866
688366
600121
300406
688179
300128
000561
688656
000597
300893
300075
300986
002141
000631
300206
600468
000560
300063
000008
600195
688230
301045
605011
000589
300267
688108
002256
600525
688103
603931
300196
300678
002194
002042
605305
600400
301667
000025
600962
600325
300134
688448
002490
603990
002057
688750
688577
300341
002123
300685
002935
688276
300985
688788
603367
300393
300819
605098
600987
605178
600708
000912
002009
603969
002467
600771
600203
001288
300057
600643
603867
600617
300493
300841
002546
600960
688488
603391
002650
600770
002727
002255
688631
688191
688550
600496
002052
601789
300435
300284
000090
601515
300256
600310
603229
688155
605183
300586
603197
002140
688626
603279
603012
000777
301235
002697
000601
002519
300756
001210
603489
688290
300174
300592
000735
300226
300492
000572
000595
002860
300905
688699
300697
002540
688312
300566
301688
688365
300221
301153
300067
301339
688799
600422
002274
603065
002819
688309
002349
001322
301182
002424
300265
600501
300283
688510
688135
002242
688221
605005
688570
300925
002029
300579
600966
000881
300249
600255
002801
600975
600897
605598
605288
002951
688556
300681
000566
300587
603400
300689
002638
603366
002664
603861
603311
600894
300217
300617
300324
601500
300525
002418
002165
688512
605577
603587
301252
301439
001283
603373
300125
603213
603368
601116
603155
688622
300429
002067
603068
688079
300722
300164
600375
002206
000409
300809
600650
301683
000409
603217
002298
301393
002478
300232
300041
300825
300540
000957
688620
605366
003006
300964
603897
300696
605555
300358
000525
002915
300815
301349
600370
601566
600106
600358
600230
300369
600479
002279
688418
300619
301535
002038
002210
603353
002489
300792
301330
600035
600963
002073
000523
301101
688093
003004
002201
603877
002997
301479
002132
300343
000670
300488
002300
002232
002382
002902
002302
300047
300547
000430
600592
301305
002992
688069
300491
002752
002538
301148
600855
603660
600881
600576
002263
600449
300443
000718
002822
301003
002907
600425
002695
603108
300984
002229
603708
300084
301265
002314
002154
603352
601968
002510
600433
002553
301218
600714
301367
688696
301608
301261
300360
300680
600586
000915
688315
301387
603976
000551
688478
603383
688653
300212
600477
002068
688658
301260
002101
002390
301137
301092
300197
688655
300048
000016
688526
002102
002301
601588
300307
300581
300018
603889
000913
002164
688232
600983
000615
301000
603098
000531
002059
002530
300292
603609
000925
300946
300082
688719
600829
603887
002649
603135
688562
688733
600742
300203
301408
002988
300043
300006
688334
301517
601011
000042
688307
300911
002559
603901
300046
601177
600551
002632
688575
688109
600081
605339
002196
300138
300470
688219
600223
300889
301322
603668
000501
301132
603211
301085
300397
603776
002134
300351
688787
300154
605580
688151
002950
300505
600488
002455
301303
000411
002606
301379
002637
600730
600769
002884
000488
600605
603499
300019
300403
000948
603370
002218
301632
688095
002657
603855
605056
003041
002122
301201
600278
605299
688115
688767
001376
300258
601199
301508
300727
601008
002746
688499
600819
301120
688419
000045
000037
000892
600603
002562
300611
600826
603380
300087
605018
301419
300039
603848
600981
300936
002334
300463
002685
000900
603336
688226
600189
300705
002082
603158
001356
001313
603686
603701
300791
301115
600825
000717
300572
002707
600982
600694
002376
603275
000036
300545
300451
000557
688210
688689
002443
002543
301368
688228
300561
000888
688685
300528
003033
300465
301557
600234
002419
600234
002419
300918
603191
688379
301556
301468
603153
688679
001207
301008
300733
002724
002291
688693
601279
000852
003012
600336
300368
603507
600593
688073
002567
000920
600868
601518
600217
300531
603408
301230
002383
688236
603286
605009
000608
001229
301017
688173
600784
002479
300963
300161
002577
300715
002640
002777
003026
002757
300287
300860
300632
002986
688345
600138
605287
002238
300507
300816
301609
603130
300737
688061
300300
600817
688170
601002
603318
300589
002590
603567
002481
002047
688707
301122
300214
300158
300767
002327
301520
301677
002026
301028
000782
301591
002111
600073
002953
600569
603682
300036
300553
603216
600279
600644
001326
002375
600237
301558
002791
300386
605050
688711
600300
002793
002344
603511
002045
300234
002774
600814
300123
300749
002066
301613
300590
300711
002973
688330
002876
300695
002940
603088
688117
605228
688566
002956
300833
603843
300688
301596
301268
300278
002189
002627
301525
002161
600843
002191
603285
600571
688408
603312
001328
600165
300066
301348
300856
603822
301281
688057
000652
002609
688721
600756
300797
000713
301491
002523
600284
600231
603666
600990
300692
002033
301528
300518
688776
002959
001223
300293
301076
603758
301256
002146
300291
301259
603150
600939
300848
002235
301004
600191
002871
300233
000571
603610
300606
300533
002805
300873
002166
600495
300622
001388
301333
600679
688356
688237
688225
002662
301051
002406
605368
600288
600979
688323
300380
603170
600790
603912
301202
002482
000521
688320
301180
002570
002358
300626
300320
688282
002307
301397
000936
600308
300219
300055
600088
002412
000691
300027
603310
003019
301193
300183
603727
000558
000505
600613
000011
603016
301239
301168
300907
300421
300932
300259
600523
600743
300016
603131
301211
300286
688085
603122
002556
000863
002264
300840
003005
000404
301075
000862
603173
600758
603212
002483
002124
603110
002642
600199
605208
300404
002526
300801
002520
002880
603344
000753
603598
688007
002641
000720
300461
301149
300885
002427
003007
603330
002749
301048
300539
688181
001380
002658
600207
688386
688101
600830
300453
300177
688816
301141
000993
603429
000726
002584
002589
688389
300588
603711
600222
300831
600626
600379
002976
603998
300523
300552
603070
688623
300215
603958
688348
300878
603113
603803
603683
300745
301007
300261
300569
300901
002983
603439
002765
301110
002522
002846
002811
002586
300788
301548
300504
300388
300577
603590
000665
300867
603980
300389
603387
600084
301206
688609
688197
600721
301096
301012
600469
600681
300271
688667
601113
300473
300563
603978
600984
301046
600071
300917
300532
002322
603210
605162
002667
300355
603209
300927
688218
600178
000507
300755
603121
603165
600792
603916
301516
000886
603348
002919
300194
002989
605300
002177
000520
603988
600860
002512
300781
300781
002889
600351
002573
600337
603777
300758
300044
002441
688683
603007
600876
002401
002501
300385
002560
000821
002758
300471
002728
002582
300871
000417
301058
600283
603334
002367
603386
300894
603528
605377
300149
301026
300559
000526
301213
300629
300869
002454
001338
001317
300830
300973
688665
600658
300836
300669
688137
688410
000819
002735
600197
301513
000779
603365
600796
603015
688207
300243
002918
301356
300441
603004
002112
603038
605338
002829
603032
603790
300920
300793
300099
600880
301622
002285
300447
301448
300326
603726
002845
688648
603398
600513
002137
600168
000626
300774
000530
688215
605086
603375
300859
300434
688196
603060
603261
600212
301072
603767
688786
300968
301538
688377
002930
600182
301507
300345
300490
603615
603255
301391
688119
601065
605088
603097
002903
002040
002321
603325
688539
301227
000096
603869
003000
000428
002688
002197
000007
600609
002677
600228
300522
002823
601218
688267
002117
002571
603703
300349
600558
001216
300508
001316
002644
605286
600152
603559
600173
600272
002855
003032
002393
300541
603018
600261
000655
603206
603681
605268
000906
600101
002365
301325
301108
600857
603069
600076
000678
600976
002084
300120
603339
001279
300248
301016
603222
300557
688639
603062
688238
300121
300656
002866
300332
603960
001332
002005
603106
603138
002772
688595
605055
002225
002616
002843
301055
002160
603081
301116
300798
603187
600822
301060
301237
603519
300241
000816
600568
688010
002788
300795
688136
300921
301210
688558
600333
600340
300662
603918
300847
600135
002996
603661
301590
603611
603178
603558
300061
300643
000882
300004
002469
603207
300228
688339
002480
600526
600382
688580
002086
688247
600354
301501
688023
300485
300853
002672
603636
688291
301186
001312
300021
300147
300494
300071
600727
002088
603697
603689
300560
600684
688581
300663
300399
600725
600628
000721
300537
301370
300599
300481
002449
300571
603090
301618
000919
300318
300882
003020
301172
688458
603120
603107
002116
300407
605158
688429
300333
301595
688311
688489
300022
002474
603396
300880
000518
002578
603058
688211
300818
603058
600520
603967
300478
300998
603085
002362
688168
688212
000759
300534
600371
300062
600067
002370
000731
300551
600506
301398
002783
000850
000716
601368
603322
603933
002853
605303
603926
688350
301190
300952
300562
603105
000822
603676
002628
300448
300691
300310
688569
002457
300466
301446
002187
603095
688360
603035
000532
002786
600824
300542
603928
300107
688053
001268
688600
300736
300246
688186
300445
301449
002107
688551
300111
301277
300887
603139
600969
000797
603239
301169
002094
301668
301399
605398
605028
002900
002035
605058
000607
301102
688045
600527
300193
301383
002596
600794
301038
300991
603421
603669
300213
002564
688633
301025
600805
300864
300686
688590
300105
300690
300105
300210
603966
002849
603607
600505
601188
300299
600800
001238
600865
603716
002554
603520
603126
603324
300200
688459
300352
301295
002228
603679
688298
300639
605566
300384
301073
600734
603199
001230
300354
002798
000055
603167
300521
601599
002613
603020
300603
300668
301221
300231
301056
603315
002339
301273
002962
603291
300402
605378
000659
301360
002927
688373
300978
688039
002016
300858
000078
600980
603719
300096
002686
301208
002676
300652
301119
000509
002766
002333
688163
688199
301002
688286
000407
002095
600581
000889
002453
002521
002162
300712
300931
300812
603137
002269
300011
301081
601999
001269
600834
002356
301279
300050
603639
605068
301133
301151
301187
301068
300311
002090
603313
300068
301509
300584
000546
300908
300817
600262
688075
002615
301077
600785
603551
688768
301157
688152
605369
300414
300040
002055
603116
688299
002587
000570
000576
000890
300839
002593
002923
300464
002103
300647
688588
300822
300290
000965
300729
301332
603161
688571
000903
605388
300163
603109
688033
600318
002693
603316
002917
301181
603048
300550
300933
603579
300649
002109
002148
603819
300721
603569
603665
001360
002991
300752
301315
688084
300530
002669
605337
603232
603101
002305
300698
603903
300805
001226
603001
001282
000151
301121
601366
301033
603382
603566
002462
301518
605169
300664
603390
600229
605399
300916
002395
300272
300439
002932
603205
603205
002296
688602
603637
002184
605066
002369
688636
002357
301266
300230
001299
603381
301456
600327
603838
002054
300654
002614
688269
300190
605186
600467
000803
003037
600280
001396
301633
600503
300370
300608
300829
300879
000020
603351
002548
603759
000514
002726
001306
603577
600540
300948
688607
001378
300881
301111
301161
300582
600130
300673
600622
300419
301138
002451
300546
300250
001217
003025
002391
301302
301195
300424
002403
000926
002394
688259
688606
301289
300658
688157
600156
300962
001390
301499
603657
603051
600579
688216
603956
300317
605218
605136
000701
001266
603409
000931
603798
600853
600293
600716
002912
300095
001395
301112
603898
003015
300288
300160
002868
002878
603955
000736
605108
002374
603648
300826
300884
603999
301222
600838
603357
300094
002826
300270
002921
000868
603815
002224
600053
605588
688533
002646
002952
301199
301313
002575
301223
300511
688098
003028
001259
300849
603230
300808
000798
605138
603276
003029
301588
600218
002037
002175
688133
301329
688398
600638
603600
000695
002172
688162
688399
300110
002178
300804
600653
300515
300314
605077
600539
002355
300411
300225
600052
002581
002012
002072
300427
000421
300945
002278
688716
003002
605189
603987
603856
301311
688283
600738
002666
603706
300875
301309
301459
603350
300313
000789
301380
603309
301575
603266
300056
301136
688338
000788
601616
301043
603535
002825
002981
601616
688509
002981
603258
688722
001318
688618
300980
002762
000068
002313
688159
603817
300578
300092
600512
603630
301062
300162
688579
300078
300366
002425
002404
300375
300746
300941
300132
002282
688370
000668
300683
001256
002888
002259
300426
300877
001379
300135
002021
301555
600731
603696
002388
002329
001218
002995
002496
002933
300967
002972
688317
002347
600791
002908
603948
688280
301100
600470
300865
301226
300289
002879
300922
603739
002599
603725
300897
603278
688680
600192
603008
603273
688070
300787
603500
603231
603808
603192
301552
300172
301107
300719
002806
002200
301178
603527
600405
300600
688511
603656
603159
301270
301129
301361
300237
600892
603237
601956
000554
603237
300890
301197
688302
688015
603655
300157
301079
002905
001201
603284
301587
688077
301042
002795
300940
688148
002742
000710
603215
688265
688175
300032
301020
001335
688682
601996
001367
301041
002909
300329
002485
300982
301158
002687
600665
002763
002476
688657
002286
600624
600408
300025
600215
600668
603036
300512
301335
002331
605259
300993
301255
001300
000838
300591
600250
301088
688557
300238
301598
000635
301027
603949
002692
000715
300988
002689
600712
301019
002248
603788
600620
001325
001206
688229
605500
300187
603886
688687
300052
688030
688755
300710
301220
603828
002623
001225
600530
603578
301082
002963
300148
000978
300247
300452
003016
002998
300667
301066
300970
300989
300239
001358
000897
300891
001296
600136
603042
300479
300097
300086
300955
603201
603970
003030
000698
688391
300020
002771
600630
300902
300069
603813
300051
002542
603895
002861
300609
002725
300810
688292
000910
600594
001215
002168
603585
002186
301581
002022
600719
603458
002663
300642
000802
600265
001228
300716
301257
600322
002864
002561
300266
300575
001239
600616
002199
603722
300904
300321
603878
301067
002547
002869
300301
002748
603280
301173
603896
688335
605089
300410
301395
600356
002875
001220
002722
600249
301560
301089
603829
002753
000529
301287
000972
603190
688619
002863
002887
300103
002363
688589
688273
301283
002398
300423
300636
300365
000153
000669
688171
688171
301318
688071
301585
000609
002682
001319
600386
300950
300650
002852
002942
002835
300510
300501
603151
300235
301125
301040
300780
688285
002769
301386
301059
301502
301616
002660
688255
300218
603880
300281
300279
603633
301290
002098
300701
003023
003001
300437
300771
603721
002702
688026
000812
603518
002397
001222
300275
300977
688130
002234
300175
300306
688203
002899
002551
300730
000809
300753
002337
002209
603030
002659
603768
301533
002893
002830
300449
300425
001205
301097
605166
300845
603797
603335
301428
688592
603839
603586
603006
301296
300477
603602
688056
603037
002136
300269
000565
000159
600419
301212
601007
603617
300264
600257
688455
300615
603378
301203
601010
688080
603089
000419
603017
300374
605155
600359
300585
002790
301299
300631
601798
688081
000707
603917
002700
603188
301337
002712
300966
002767
301023
603628
603779
603320
300335
600793
300659
300625
600289
301117
300538
300828
300359
300509
002574
603066
603818
001368
300653
301185
301567
300195
300536
688576
603836
603801
002877
003038
301106
002323
688296
000504
300786
300994
301152
002890
600671
002679
605033
688367
603086
688500
300965
688357
603677
688129
300942
600538
002442
002069
300381
001324
301118
300141
300165
300242
002723
300807
300583
300484
000826
000586
301636
000056
688529
605177
603289
301388
002813
605258
600858
002343
301057
002330
603863
603329
301586
001333
301103
603176
600560
301418
300155
603922
300824
002729
603332
300930
301278
002982
000790
000014
605003
300555
301578
603331
600661
002420
001234
301469
300796
688468
300150
605151
600319
603136
300915
002977
688314
300854
301314
002377
603076
603909
301577
603172
600735
002661
300112
301159
301083
603189
600537
300565
300813
300992
301320
300898
002114
600573
301231
301052
300350
603059
300198
002857
300703
600381
600463
300340
002949
688435
001219
002431
300651
301032
300956
300987
603755
600281
002862
002856
002486
301009
600753
300960
301166
002159
300460
600491
688718
603307
688560
603937
600992
688310
300906
605001
002295
300995
300789
603180
002576
605266
603102
301378
600854
001209
300176
002492
300173
600831
300554
603117
603183
301353
000573
300800
603023
300543
300937
301276
688501
002828
600232
001202
603079
300513
688178
603096
002076
301105
688246
300876
603326
300334
300784
600807
605199
603787
000705
001211
600818
603488
001255
002058
300305
300616
300912
688651
688426
600833
001277
301258
002775
301512
000757
300935
301011
688369
301233
000820
688201
301503
300892
300013
600689
600533
301022
002780
002848
603700
603536
300837
002800
300670
002360
600423
300883
688113
300106
002566
000955
300295
603982
603900
003017
002816
688316
301170
002858
002253
600239
688244
603321
300412
600148
002836
002105
000548
600965
300644
300694
002319
002381
000692
603356
301198
002999
002999
688156
300612
300240
301601
300844
300519
603616
603182
600692
605069
301036
000679
301135
000911
603282
002802
301229
600107
300211
603177
301539
301359
002671
000953
300610
600774
600159
600615
300637
300743
000590
002495
002696
003027
002799
300422
300947
000619
600241
688517
000637
001387
605180
301331
300254
002633
300732
300961
002732
600302
600706
002622
605336
300268
301156
000545
301300
300387
688613
603377
603238
000752
600097
603968
600802
000952
600439
603168
688597
001231
688272
600287
603385
002968
300597
688450
300778
002598
000985
688038
002133
300929
688060
002743
001278
300517
688355
300665
300205
002620
600187
300640
600128
300713
301126
603825
300707
301336
603506
001260
300971
301130
002809
300030
002778
300462
600444
300851
000605
002652
300074
300371
301065
000633
002247
002656
688737
003011
603041
001366
600678
002524
301024
600238
301372
301429
300514
002873
600303
603718
688066
301113
300081
603959
600235
003008
301098
300556
603810
003042
301272
002629
002535
600099
688251
603208
000909
300126
301001
002513
600768
000663
300928
605122
001373
301390
300949
603029
300838
002306
301192
301355
688013
002205
603028
002817
688395
688616
603709
300564
603557
003003
002910
300645
300899
002144
688118
000995
000856
000702
603073
300549
002820
002630
001336
300472
300923
600051
600202
600847
688420
301519
002760
002591
300396
300958
300717
300675
600149
301049
300169
300823
002715
301515
301006
301010
688670
688671
688288
688193
002694
603214
688051
605567
688393
002592
600082
603879
600448
300076
688058
301298
301163
301063
000010
688096
603717
688092
603272
301505
301288
600883
000632
688638
002634
301131
002529
002188
688078
600119
300245
002872
301037
688189
002789
603022
603021
603908
002494
600778
002717
600080
002198
603860
300886
000929
600697
688004
000639
300635
300535
600137
688466
300220
002316
600561
688528
688329
300605
000610
600493
688565
300614
688184
688681
300500
002211
688695
300167
300405
002227
603789
688659
600476
600243
688573
300417
688067
301030
002514
688021
600455
688793
600180
000677
002207
002691
301167
688022
002569
300621
002883
688089
688217
002193
600543
300594
600365
300430
300338
688701
300152
002719
603729
603359
688121
688496
301139
002731
603963
603555
603388
603056
601989
601299
601268
601258
601091
601028
600991
600978
600899
600898
600878
600852
600849
600842
600840
600837
600836
600832
600823
600813
600811
600799
600788
600786
600772
600762
600752
600723
600709
600705
600700
600680
600677
600672
600670
600669
600659
600646
600632
600631
600627
600625
600607
600591
600565
600553
600485
600472
600466
600393
600357
600355
600321
600317
600311
600297
600296
600290
600286
600277
600270
600263
600260
600253
600247
600220
600213
600205
600181
600139
600122
600112
600102
600092
600083
600077
600070
600068
600065
600005
600003
600002
600001
301686
300495
300262
300186
300117
300116
300108
002776
002740
002699
002665
002621
002619
002610
002505
002504
002503
002502
002435
002341
002325
002308
002288
002280
002231
002118
002113
002013
002002
000982
000976
000971
000961
000956
000918
000916
000866
000861
000851
000836
000832
000827
000817
000805
000787
000780
000769
000765
000763
000748
000732
000730
000699
000689
000675
000671
000667
000666
000660
000658
000653
000638
000627
000621
000618
000616
000602
000588
000587
000583
000578
000569
000562
000556
000549
000542
000540
000535
000527
000522
000515
000508
000418
000416
000413
000412
000406
000405
000150
000047
000046
000040
000024
000023
000015
000013
000005
000003
511880
510300
518880
511990
588000
159915
512880
510310
588200
159937
159516
588170
588080
515880
510330
513180
563360
510500
512000
159934
513050
159792
518800
159352
512890
513130
159919
159361
159995
513500
512400
513010
513330
159338
513120
512170
159949
159570
159819
159558
515450
510050
512480
510880
512050
159326
512100
515180
513090
562500
518850
510180
515050
159992
159530
159781
159201
159928
512010
510210
513300
159740
517520
159870
512070
512690
560780
159206
513750
563020
520920
515220
159632
513630
159841
513310
588710
159636
159952
515120
515080
563800
588050
159659
512760
512800
513980
159611
516650
159852
159842
513380
159869
562590
513650
518660
560860
159351
159920
159922
515070
515330
512900
159513
563220
518600
511660
512500
588060
518680
588750
512710
512660
159263
159307
159567
159755
159545
159217
159363
159157
159865
159259
588220
516150
159813
563300
159977
159851
515980
159562
513040
159316
560610
512950
159845
159770
560010
159549
159696
561980
159783
512960
515230
159967
512040
588290
513110
159660
159353
562800
513260
515100
513390
589020
159682
510810
159801
515800
588090
513770
513060
159994
159796
515790
560530
513530
159227
159938
589720
159691
159262
159566
510580
589130
561380
516120
512570
159399
515300
159736
159948
159655
159892
159603
518860
513920
159859
512980
510760
515170
515000
588030
159883
159583
515290
159993
159780
513400
512200
515900
159246
513690
563230
159742
516160
588890
159608
512680
516080
515380
159901
513580
520990
518890
159506
510900
510350
561910
515650
512290
159605
159732
159766
513780
159327
159001
562060
159633
510360
513910
513950
513160
516020
159687
512930
560510
159623
159652
159272
588800
588380
159925
513870
159297
513880
510100
513660
560090
159218
520980
520500
516010
515010
159957
563390
159629
159207
517380
588790
159209
515390
516510
520570
159232
515660
159593
561560
588940
561580
159625
513520
515030
560050
159235
588190
159559
159267
560280
159667
513850
159673
516350
589360
513000
516310
159929
159222
159339
159131
513820
560080
159518
589190
513020
510510
159971
159101
159362
589070
520660
589680
516670
159382
561360
159381
510380
520880
516780
588810
513800
159599
159828
563880
159278
513290
513030
513190
513550
159300
561550
159825
159866
159502
515680
516640
588020
511700
159820
512940
510720
517400
588760
512630
159561
159692
561330
515600
589800
560390
562550
517160
159680
159147
563000
563530
159133
512670
159698
513600
159552
159876
159360
588300
159905
159681
589000
513860
560710
516820
561160
562950
159998
560770
159847
159601
159357
520900
159547
159857
563080
159531
159141
560260
159758
520650
588400
515400
513070
159997
159258
159840
512020
562960
510150
159241
159837
159142
515700
159581
159310
159269
159622
159128
159697
588230
159875
159577
588870
159221
